100 100
10.0 0.3
137 137 137 136 136 135 135 134 133 132 137 137 137 137 137 137 137 136 136 136 137 137 138 138 138 138 138 138 138 138 137 138 138 139 139 140 140 140 141 141 137 137 136 136 136 137 137 138 140 141 137 137 137 137 137 136 135 135 134 133 137 137 138 138 138 138 138 138 138 138 137 138 138 139 139 139 140 140 140 140 137 137 138 138 139 139 140 140 141 142 137 137 137 137 137 137 137 137 137 137
137 138 139 140 141 141 141 142 142 142 138 136 135 134 134 133 133 133 133 133 137 137 137 137 137 136 135 134 133 132 137 137 138 138 139 139 140 140 140 141 137 136 136 136 136 136 137 137 138 138 136 137 137 137 137 138 138 139 139 140 137 136 136 135 134 134 133 132 132 131 137 138 138 139 139 138 138 137 136 135 137 138 138 139 139 140 141 141 142 142 137 137 137 137 137 137 137 137 137 137
136 139 141 143 144 146 147 147 148 148 138 136 134 133 132 131 131 132 132 134 137 136 136 135 134 133 131 130 128 125 136 137 137 138 138 139 140 140 140 141 136 136 136 136 136 137 137 137 137 137 136 136 136 136 137 138 139 141 143 145 137 135 134 132 131 129 128 126 125 124 137 138 139 139 139 138 137 135 133 131 137 138 139 139 140 140 140 141 141 142 137 137 137 137 137 137 137 137 137 136
136 139 142 145 147 149 150 151 152 153 138 135 133 132 131 131 132 133 135 138 137 136 135 133 131 129 127 124 120 117 136 136 137 138 138 139 140 140 141 141 136 137 137 137 137 137 137 137 137 137 136 135 134 134 135 137 138 141 144 148 137 134 132 129 127 125 123 121 119 117 137 138 139 139 139 138 136 134 131 127 138 138 138 139 139 139 139 139 140 139 137 137 137 137 137 137 137 136 136 136
136 139 143 146 148 150 152 153 154 154 138 135 133 132 133 133 135 138 141 146 137 135 133 131 128 125 121 117 112 107 135 136 137 138 138 139 140 140 141 142 136 137 138 138 139 139 139 139 138 138 136 134 133 132 133 134 136 139 143 148 136 133 130 126 123 120 118 115 113 111 136 138 140 140 140 139 136 133 129 124 138 138 138 138 138 138 137 137 137 136 137 137 137 137 136 136 136 136 136 136
136 140 143 146 149 151 152 153 154 154 137 135 134 134 135 137 141 145 151 158 137 135 132 128 124 120 114 108 102 95 135 136 137 138 138 139 140 141 142 143 136 137 139 140 141 141 142 141 141 140 136 133 130 129 129 130 132 135 140 145 136 132 127 123 120 116 113 110 107 105 136 139 141 141 141 139 137 133 128 123 138 138 137 137 136 136 135 134 133 131 137 136 136 136 136 136 136 136 135 135
135 139 143 146 148 150 151 151 151 150 136 135 135 137 139 143 149 155 163 173 138 134 130 125 120 114 107 99 91 82 134 136 137 138 139 140 141 142 143 144 136 138 140 142 144 144 145 145 144 143 136 131 128 125 124 125 127 130 134 140 135 130 125 121 116 112 108 105 102 99 135 139 141 143 142 141 138 134 128 122 138 137 136 135 134 133 131 129 127 125 136 136 136 136 135 135 135 135 135 135
135 139 142 145 146 147 148 147 146 145 136 136 137 140 145 151 159 168 179 192 139 134 128 122 115 107 98 89 79 68 134 135 137 138 139 140 141 143 144 145 135 139 142 145 147 148 149 149 149 148 137 130 125 121 119 118 119 122 126 132 134 129 123 118 113 108 104 100 97 93 135 139 142 144 144 143 140 135 129 122 139 137 135 133 131 129 126 124 121 118 135 135 135 135 135 135 134 134 134 134
135 139 141 143 143 144 143 142 139 137 134 136 140 145 152 161 172 184 198 214 140 134 126 118 109 99 89 77 65 52 134 135 137 138 139 141 142 144 145 147 135 140 144 148 150 152 154 155 155 154 137 128 121 116 112 110 110 112 116 121 134 127 121 115 110 105 100 96 92 88 134 140 144 146 146 145 142 137 131 122 139 136 134 131 128 124 121 117 113 109 135 134 134 134 134 134 133 133 133 133
135 138 139 140 140 139 137 134 130 126 133 137 143 151 161 173 187 202 220 240 141 133 124 114 103 91 78 64 50 34 133 135 137 138 140 142 143 145 147 148 135 141 147 151 155 158 160 161 161 161 138 127 117 110 104 101 100 101 103 108 132 125 119 112 106 101 96 91 87 83 133 140 145 148 149 148 145 140 133 124 139 136 132 128 124 119 115 110 105 99 134 134 133 133 133 133 132 132 132 132
137 137 138 138 137 137 137 136 135 134 137 137 136 136 136 137 137 138 139 140 137 137 138 138 137 137 136 136 135 134 137 138 138 138 139 139 139 140 140 140 137 137 137 137 137 138 138 139 140 141 137 136 136 136 135 135 135 135 135 136 137 136 136 135 135 134 134 133 132 132 137 138 138 138 138 137 137 136 134 133 137 138 138 139 139 140 140 141 142 142 137 137 137 137 137 137 137 137 137 136
137 136 135 135 134 133 132 131 130 128 137 137 137 138 138 139 140 140 141 142 137 137 136 136 135 133 132 131 129 127 137 136 136 136 136 137 137 138 139 140 137 136 136 135 135 134 134 133 132 131 136 138 139 140 141 142 143 144 144 145 138 137 136 135 134 134 133 132 132 131 136 137 138 139 139 140 140 141 141 141 137 138 139 140 141 142 144 145 146 148 137 137 137 137 137 137 137 137 137 137
137 135 134 132 131 130 129 127 126 125 136 137 138 139 139 140 140 140 141 140 138 137 135 134 132 131 129 126 124 122 136 135 134 134 134 134 135 136 138 140 136 136 135 134 132 131 129 127 124 122 136 139 142 145 147 149 151 152 153 154 138 137 136 135 134 134 133 133 132 132 136 137 138 140 141 142 144 145 147 149 137 138 140 141 143 144 146 148 150 152 138 138 138 138 138 138 138 138 138 138
137 135 133 131 130 128 127 126 125 124 136 137 138 139 139 139 139 138 137 136 138 136 135 133 131 128 126 123 120 117 136 134 132 131 131 132 133 134 136 139 136 135 134 132 130 127 124 121 117 112 135 140 145 149 152 155 157 159 161 161 138 137 137 136 135 135 135 135 135 135 136 137 139 140 143 145 147 150 153 157 137 138 140 142 144 146 148 150 152 155 138 138 138 138 138 138 138 138 138 138
136 134 132 130 129 128 127 126 126 126 136 137 138 138 137 137 135 134 131 129 138 136 134 132 129 127 124 121 118 114 135 132 130 129 129 129 130 133 135 139 136 135 133 131 128 124 119 114 109 102 135 141 147 153 157 161 164 166 167 168 138 138 137 137 137 137 137 138 138 139 135 137 139 141 144 147 151 155 160 165 137 138 140 142 144 146 149 151 154 156 138 138 138 138 138 138 139 139 139 139
136 134 132 130 129 129 129 129 129 130 137 137 137 136 134 132 130 127 123 118 137 135 133 131 128 126 123 119 116 113 135 131 129 127 126 127 128 131 135 139 135 134 132 129 125 120 115 108 101 93 134 142 150 156 161 166 169 172 174 174 138 138 138 139 139 140 141 142 144 145 135 137 139 142 146 150 155 160 166 172 137 138 140 142 144 146 149 151 154 156 139 139 139 139 139 139 139 139 139 139
135 134 132 131 131 131 132 133 135 137 137 137 135 133 130 127 122 117 111 105 137 135 133 130 128 125 122 119 116 112 134 130 127 125 124 125 126 129 134 139 135 133 131 127 123 117 110 102 93 83 134 143 152 159 166 171 174 177 179 179 138 139 140 141 142 144 146 148 151 153 135 137 140 143 148 153 158 165 172 180 137 138 140 141 143 145 148 150 153 156 139 139 139 139 139 139 139 139 139 139
135 134 133 133 134 135 137 139 142 146 138 136 133 129 125 119 113 105 97 88 136 135 133 130 128 125 122 119 116 113 134 129 125 123 122 122 124 128 133 139 135 133 130 126 120 113 105 96 85 73 133 144 154 162 169 175 179 182 183 184 138 140 142 144 146 149 152 155 159 163 135 137 141 144 149 155 162 170 178 188 137 138 139 141 142 144 146 148 151 153 139 139 139 139 139 139 139 139 139 139
134 134 134 136 137 140 143 147 152 157 139 135 131 125 118 110 101 91 80 68 136 134 132 130 128 126 123 121 118 115 133 127 123 120 119 120 122 126 132 140 134 132 129 124 117 110 100 90 77 64 133 145 156 165 172 178 183 186 187 187 138 141 144 147 151 155 159 164 169 174 136 138 141 146 151 158 166 175 185 196 138 138 139 139 141 142 143 145 147 150 139 139 139 139 139 139 139 139 139 140
134 134 136 139 142 146 151 157 164 171 140 134 128 119 110 100 88 75 61 45 135 134 132 131 129 127 125 123 120 118 133 126 121 118 117 118 121 125 132 140 134 132 128 122 115 106 96 83 69 54 132 145 157 167 175 182 186 189 190 189 138 142 146 151 156 162 167 174 180 188 136 138 142 147 153 161 169 179 191 203 138 138 138 138 138 139 140 141 143 145 139 139 139 139 139 139 139 139 140 140
137 137 136 136 135 135 134 134 133 132 137 137 136 136 135 135 135 135 134 134 137 137 138 138 138 137 137 136 135 134 137 137 136 136 136 137 137 138 139 140 137 137 137 136 136 136 135 135 134 133 137 137 138 138 138 138 137 137 137 136 137 137 137 138 138 138 139 139 139 140 137 138 138 138 139 139 139 139 139 139 137 137 138 138 139 139 140 140 141 142 137 137 137 137 137 137 137 137 137 137
137 138 138 139 139 140 141 141 142 143 138 136 135 134 134 133 133 133 133 133 137 136 136 135 134 133 133 132 131 130 137 137 136 136 135 135 134 133 132 130 136 137 137 138 139 140 141 142 144 145 137 137 136 136 136 135 135 134 134 133 137 136 135 134 133 131 130 129 127 126 137 136 136 136 135 135 135 135 134 134 137 137 138 138 139 139 140 140 141 141 137 138 138 138 138 138 138 138 138 138
138 139 140 141 142 144 146 148 150 152 138 136 135 134 133 133 133 133 133 134 137 135 133 132 130 129 128 127 126 126 136 137 136 136 135 133 131 128 125 121 136 137 138 139 141 143 145 148 151 155 138 136 136 135 134 133 133 132 132 132 138 135 133 130 127 124 121 118 115 111 136 135 134 133 132 132 131 131 130 130 136 137 137 138 138 139 139 140 140 141 138 138 138 138 138 139 139 139 139 139
138 139 141 143 145 148 150 153 157 160 138 136 135 134 134 134 134 135 137 139 137 134 131 128 126 124 123 121 121 120 136 137 137 136 134 132 128 124 119 113 135 136 138 140 142 145 149 153 157 162 137 136 135 134 133 133 132 132 132 132 138 134 130 126 122 117 112 107 102 96 136 134 132 131 130 129 128 127 127 127 136 136 137 137 138 138 139 139 140 140 138 139 139 139 139 139 140 140 140 140
138 140 142 144 147 150 154 158 162 167 138 136 135 135 135 136 138 140 143 146 137 133 128 125 121 119 116 115 114 113 136 137 137 136 134 131 126 120 114 106 135 136 137 139 142 146 150 155 161 168 137 136 134 134 133 133 133 133 134 135 139 133 128 122 116 110 103 96 89 81 135 133 130 128 127 126 125 124 124 124 135 136 137 137 137 138 138 138 139 139 139 139 139 140 140 140 141 141 141 142
138 140 142 145 148 152 157 162 167 173 137 136 136 137 138 140 143 147 151 156 138 131 126 121 116 113 110 107 106 105 135 137 138 136 134 130 124 117 109 99 135 135 136 138 141 145 150 156 163 171 137 135 134 134 134 134 135 136 137 139 139 132 125 118 110 102 93 84 75 66 134 131 129 126 125 123 122 121 121 121 135 136 136 136 137 137 137 137 137 137 139 140 140 140 141 141 142 142 142 143
138 140 142 145 149 154 159 164 170 177 137 137 138 139 142 146 150 155 162 169 138 130 123 116 110 106 102 99 96 95 135 137 138 137 134 130 123 115 105 93 134 134 135 137 140 144 149 156 164 172 136 135 134 134 135 136 138 140 142 145 140 131 123 114 104 94 84 73 61 50 134 130 127 125 122 121 120 119 119 119 135 135 136 136 136 136 136 136 135 135 140 140 141 141 142 142 143 143 143 144
137 139 142 145 149 154 160 166 173 180 136 137 139 143 147 152 159 166 175 185 139 128 119 111 104 98 93 89 86 84 134 138 139 138 135 130 122 113 101 87 134 133 133 134 137 141 147 154 162 171 135 135 135 136 137 139 142 145 149 153 140 130 120 109 98 86 74 61 47 33 133 129 126 123 121 119 118 117 117 118 135 135 135 135 135 135 134 134 133 133 140 141 141 142 142 143 143 144 145 145
137 139 141 145 149 154 160 166 174 182 135 138 142 147 153 161 170 180 191 203 139 127 116 106 98 90 84 79 75 73 134 138 140 139 136 130 122 111 98 83 134 131 130 131 133 137 143 150 158 168 134 134 135 137 140 143 147 152 157 163 141 129 117 105 92 78 63 48 33 17 133 128 124 121 119 117 116 116 116 117 135 135 135 134 134 133 133 132 131 130 141 141 142 142 143 144 144 145 146 146
137 138 140 144 148 153 159 166 174 183 134 138 144 152 161 171 182 195 209 224 140 126 113 101 91 82 74 68 63 59 133 138 141 140 137 131 122 110 96 79 134 130 128 127 129 132 137 144 153 163 133 134 136 139 143 148 153 160 167 175 141 128 115 100 85 69 53 36 18 0 132 127 123 120 117 116 115 115 115 117 135 134 134 133 133 132 131 130 128 127 141 142 142 143 144 145 145 146 147 148
137 137 138 138 138 139 139 140 140 141 137 136 136 136 136 136 136 137 137 138 137 137 136 135 135 134 134 133 133 132 137 137 137 137 137 136 136 135 134 133 137 137 136 136 136 136 136 137 137 138 137 137 136 136 135 135 134 134 133 133 137 137 136 136 136 135 135 134 134 133 137 137 136 136 136 135 135 135 135 134 137 137 136 136 136 135 135 135 134 134 137 137 137 137 137 137 137 137 137 137
137 138 139 140 142 143 144 146 147 148 138 136 135 134 133 133 132 132 132 132 137 137 137 136 136 136 135 134 133 132 137 137 138 139 140 140 141 141 141 142 137 137 137 138 138 139 141 142 144 146 137 137 137 137 137 137 137 136 136 135 138 138 138 138 138 137 137 136 135 134 137 138 138 139 139 140 140 141 141 142 137 137 136 136 136 136 137 137 138 139 137 137 137 137 137 137 138 138 138 138
136 138 141 143 145 147 149 150 152 154 138 136 134 133 131 130 129 128 127 126 136 137 137 137 137 137 136 135 134 132 136 137 139 140 142 143 145 146 148 149 137 137 138 140 141 143 145 148 151 154 138 138 139 139 139 139 139 139 138 138 138 139 139 139 139 139 138 137 136 134 137 139 140 141 143 144 145 146 148 149 137 137 136 136 137 138 140 142 144 147 137 137 137 138 138 138 138 138 138 138
136 139 142 145 147 150 152 154 156 158 139 136 133 131 129 127 125 124 122 121 136 137 138 139 139 138 137 136 134 132 136 138 140 142 144 146 148 151 153 156 136 138 139 142 144 147 151 154 159 163 138 139 140 140 141 141 141 140 140 139 139 139 140 140 140 139 138 137 135 133 137 140 142 144 146 148 150 152 154 156 137 137 137 137 139 141 144 147 152 157 138 138 138 138 138 138 138 138 138 138
136 140 143 146 149 152 154 157 159 161 139 136 133 130 127 125 122 120 118 116 136 138 139 140 140 139 138 137 135 132 135 137 140 142 145 148 151 154 157 161 136 138 141 144 147 151 156 161 167 173 138 140 141 142 142 142 142 142 141 141 139 140 141 141 140 139 138 136 134 131 137 140 143 146 149 152 155 158 161 163 137 137 137 139 141 145 149 155 161 168 138 138 138 138 138 138 139 139 139 139
136 140 144 147 150 153 156 158 161 163 140 136 132 129 125 122 119 116 114 111 136 138 140 141 141 141 140 138 136 132 135 137 140 143 146 149 153 157 161 165 135 138 142 146 151 156 162 169 176 183 139 140 142 143 143 144 144 143 143 142 139 140 141 141 140 139 137 134 131 128 137 141 145 149 152 156 160 163 167 170 137 137 138 141 145 150 156 163 172 181 138 138 139 139 139 139 139 139 139 140
137 141 145 148 151 154 157 159 161 163 140 136 132 128 124 120 117 113 110 107 136 139 141 142 143 142 141 139 136 133 135 137 140 143 146 150 154 158 163 168 135 139 143 148 154 161 168 176 185 194 139 141 142 144 144 145 145 144 143 142 140 141 141 141 139 138 135 132 128 123 136 141 146 151 155 160 164 169 173 178 136 137 140 144 149 156 164 173 184 197 139 139 139 139 139 140 140 140 140 140
138 142 145 149 152 154 157 159 160 161 141 136 131 127 123 118 114 110 107 103 136 139 142 144 144 144 143 140 137 133 135 137 140 143 146 150 154 159 164 170 134 139 145 151 158 166 175 185 195 206 139 142 143 144 145 145 145 145 144 142 140 141 141 140 138 136 132 128 123 117 135 141 147 153 158 164 169 174 180 185 135 138 141 147 154 163 173 185 199 214 139 139 140 140 140 140 140 141 141 141
138 142 146 149 152 154 156 157 158 158 141 136 131 126 121 117 112 108 104 100 136 140 143 145 146 145 144 142 138 133 134 137 139 142 146 150 154 159 164 170 133 139 146 154 162 172 182 193 205 218 140 142 144 145 146 146 146 145 144 142 140 141 140 139 136 133 129 123 117 110 134 141 148 155 161 167 174 180 186 192 135 138 143 151 160 171 183 198 215 233 140 140 140 140 141 141 141 141 142 142
139 143 146 149 151 152 154 154 155 154 142 136 131 126 120 115 111 106 101 97 136 141 144 146 147 147 146 143 139 134 134 136 138 141 145 149 153 158 164 170 132 140 148 157 167 178 190 203 216 231 140 142 144 146 146 146 146 145 143 141 140 140 139 137 134 130 124 118 110 102 133 141 149 156 164 171 178 185 192 199 134 139 146 155 166 180 195 213 233 255 141 141 141 141 141 142 142 142 142 143
137 137 138 138 138 139 139 139 139 140 137 137 136 136 136 137 137 138 138 139 137 137 137 137 137 137 136 136 135 134 137 138 138 138 139 139 139 139 139 139 137 137 136 136 136 137 138 138 140 141 137 137 137 136 136 135 135 134 134 133 137 138 138 138 138 138 138 137 137 136 137 138 138 139 139 140 140 141 141 142 137 136 136 136 136 137 137 138 139 141 137 137 137 137 137 137 137 137 138 138
137 137 137 136 135 134 133 132 130 128 137 138 139 139 140 141 142 143 143 144 137 137 137 137 137 137 137 137 138 138 137 137 137 137 137 137 138 138 138 139 137 136 136 136 136 137 137 137 138 139 137 136 136 135 135 134 134 133 133 132 137 137 137 137 137 138 138 139 139 140 137 136 136 135 133 132 131 129 128 126 136 137 138 138 139 140 141 142 143 144 137 137 138 138 138 138 138 138 138 138
137 137 136 135 133 131 129 126 123 119 136 139 140 142 143 145 145 146 146 146 137 137 136 136 137 138 138 140 141 143 136 136 136 136 136 136 137 137 138 139 136 136 136 136 136 137 137 137 137 138 136 136 135 135 134 134 133 133 132 132 136 136 136 136 136 137 138 139 140 142 137 136 133 131 128 126 123 119 116 112 136 137 139 140 141 142 143 144 145 146 138 138 138 138 138 138 138 138 138 138
137 137 136 135 133 130 127 123 119 113 136 139 142 144 146 147 147 148 147 146 137 136 136 136 137 138 140 142 145 148 136 135 135 135 135 136 136 137 138 140 136 136 136 137 137 137 137 138 138 138 136 136 135 135 134 134 133 133 133 132 136 135 134 134 134 135 136 138 140 142 138 135 132 128 124 120 115 110 105 99 136 138 139 141 142 143 144 145 146 146 138 138 138 138 138 138 138 138 138 138
137 137 137 135 133 130 127 122 117 110 137 140 143 145 147 148 148 147 146 144 136 136 136 136 137 139 142 145 149 154 135 134 134 134 134 135 136 138 139 141 135 136 137 137 138 138 138 139 138 138 136 136 135 135 135 134 134 134 134 134 136 134 133 132 131 132 133 135 138 141 138 134 130 125 120 115 109 102 95 88 136 138 140 142 143 144 144 144 144 144 138 138 138 138 138 138 138 138 138 138
136 137 138 137 135 132 128 123 117 110 137 141 144 146 147 147 147 145 143 140 136 135 135 136 138 141 144 148 154 160 135 134 134 134 134 135 137 139 141 144 135 136 138 139 139 140 140 140 140 140 137 136 136 136 135 135 135 135 136 136 137 133 131 129 128 128 129 131 134 138 138 134 129 123 117 111 103 96 87 78 136 138 140 142 142 143 143 142 141 139 138 138 138 138 138 138 138 138 138 138
136 138 139 139 138 136 132 127 121 113 137 141 144 146 147 146 144 142 138 133 136 135 135 136 139 142 147 152 159 167 134 133 133 133 134 136 138 140 143 147 135 137 139 140 141 142 142 143 143 142 137 137 137 137 137 137 137 138 138 139 138 133 129 126 124 124 125 127 130 134 138 134 128 122 115 107 99 90 80 70 136 139 140 141 141 141 140 138 136 133 138 138 138 138 138 138 138 138 138 138
135 139 142 143 142 141 137 133 127 119 138 142 144 145 145 143 140 136 130 123 135 134 135 137 140 144 149 156 164 174 133 133 133 134 135 137 139 143 146 151 135 138 140 142 143 145 145 146 146 145 138 138 138 138 138 139 140 141 142 143 138 132 127 123 120 119 119 120 123 127 139 134 128 121 113 105 96 86 75 63 137 139 140 140 139 138 136 133 129 125 138 138 138 138 138 138 138 138 138 138
134 140 144 147 148 147 145 141 135 128 139 142 144 144 143 140 135 129 121 112 135 134 135 137 141 146 153 161 171 182 133 132 133 134 136 138 141 145 150 156 135 138 141 144 146 148 149 149 150 149 138 139 139 140 140 142 143 144 146 148 140 131 124 119 115 113 112 113 115 119 139 134 128 120 112 103 93 82 70 57 138 139 139 138 136 134 130 126 121 114 138 138 138 138 138 138 138 138 138 138
133 141 147 152 154 155 154 151 146 140 140 143 143 142 139 134 128 120 110 98 134 133 135 137 142 148 156 166 177 190 132 132 133 134 137 140 144 149 155 161 135 139 143 147 149 151 153 154 154 154 139 140 141 142 143 145 146 148 151 153 141 130 122 115 109 106 104 104 106 110 139 134 128 120 112 102 92 80 67 54 138 139 138 136 133 129 124 117 110 102 138 138 138 138 138 138 138 138 138 138
137 137 138 138 137 137 136 135 134 133 137 138 138 139 139 140 140 140 140 141 137 137 138 138 139 139 140 141 141 142 137 137 137 138 138 138 139 139 139 140 137 137 136 136 136 136 137 137 137 138 137 137 136 136 136 135 135 134 134 133 137 136 136 136 135 135 135 134 134 134 137 137 137 137 136 136 135 134 134 133 137 137 136 136 136 136 136 136 136 137 137 137 137 137 137 137 137 137 137 138
136 137 138 139 140 141 142 143 144 145 138 137 136 135 134 132 131 129 128 126 137 137 137 138 139 140 141 142 144 145 137 137 137 137 137 137 136 136 136 135 138 138 138 138 138 138 137 137 136 135 137 137 137 136 136 135 135 135 134 134 137 136 136 136 136 137 137 138 139 140 137 138 139 140 140 141 141 141 141 141 138 137 137 136 135 135 134 133 133 132 137 137 137 137 136 136 136 136 136 136
136 137 138 139 141 143 145 148 151 155 138 136 134 132 129 126 123 120 117 114 136 136 137 137 138 139 141 142 144 146 138 137 137 136 135 135 134 132 131 130 138 139 140 140 140 139 138 136 134 132 138 137 137 137 136 136 136 136 135 135 136 136 136 137 138 139 141 143 145 147 137 138 140 141 143 144 145 145 145 146 138 138 137 137 136 136 135 133 132 131 136 136 136 136 136 136 136 135 135 135
136 136 137 138 141 144 147 151 156 161 138 135 132 129 126 122 118 114 109 104 136 135 135 136 136 137 139 140 142 145 137 137 136 135 133 132 130 128 126 123 138 140 141 142 141 140 139 136 133 130 138 137 137 137 137 137 137 137 138 138 136 136 137 138 140 142 145 148 152 156 136 139 141 142 144 145 146 147 147 148 138 139 139 139 139 138 137 136 135 133 136 136 136 136 135 135 135 135 134 134
136 135 136 137 139 142 147 152 158 165 138 135 131 127 123 119 114 109 103 97 136 134 134 133 133 134 135 136 138 140 137 136 135 133 131 129 126 123 120 116 138 141 142 143 143 142 140 137 133 127 138 138 138 138 138 139 140 140 141 142 135 136 138 140 142 146 150 154 159 165 136 139 141 142 144 145 146 146 147 146 138 140 141 142 142 143 142 142 140 139 136 136 136 135 135 135 134 134 134 133
136 134 134 135 137 140 144 150 157 165 137 134 130 126 122 117 112 106 100 93 135 133 131 130 129 129 129 130 132 134 137 135 133 131 128 125 122 118 113 109 137 141 144 145 145 143 141 137 132 126 137 138 138 139 140 141 143 144 146 148 135 136 139 142 146 150 155 161 168 175 137 139 140 142 143 143 143 143 143 142 137 141 144 146 148 149 150 150 149 148 137 136 136 135 135 135 134 134 133 133
136 133 131 131 133 136 140 146 153 162 137 134 130 126 122 117 111 105 98 91 136 132 129 126 124 123 122 123 123 124 136 134 132 129 125 121 117 112 106 100 137 141 145 146 147 145 142 138 132 124 137 138 139 141 143 145 147 149 151 154 134 137 140 144 149 155 162 169 178 187 137 138 139 140 140 140 139 138 137 135 136 142 147 151 154 157 159 160 161 161 137 137 136 136 135 135 134 133 133 132
136 131 128 127 128 130 134 140 147 157 136 134 130 127 122 118 112 106 100 92 136 130 125 121 118 116 114 113 112 113 136 133 130 126 121 117 111 105 98 91 136 142 146 148 148 147 144 138 131 123 136 138 140 143 145 148 151 155 158 162 134 137 141 147 153 160 169 178 188 200 137 137 137 137 136 135 133 130 128 125 136 143 151 157 162 167 171 174 176 177 138 137 137 136 135 135 134 133 133 132
137 130 125 122 121 122 126 131 138 148 135 133 131 128 124 120 115 109 103 96 136 128 122 116 111 107 104 101 99 98 135 131 127 123 117 111 105 98 90 81 135 142 147 149 150 149 145 139 132 122 135 138 141 145 149 152 157 161 166 171 133 138 143 150 158 167 177 188 200 214 138 137 135 133 131 128 124 120 116 111 134 145 155 164 172 179 185 190 194 197 139 138 137 136 136 135 134 134 133 132
137 128 121 116 113 113 115 120 127 136 134 133 132 130 127 124 120 115 109 102 136 127 118 110 103 97 92 87 84 82 134 130 125 119 113 106 98 90 80 70 133 141 147 151 152 150 147 141 132 121 134 138 143 147 152 157 163 169 175 181 133 138 145 153 163 173 185 198 213 229 138 135 132 128 124 119 114 108 102 95 133 147 160 172 183 192 201 208 215 220 140 139 138 137 136 135 135 134 133 132
137 137 136 136 136 136 136 136 136 137 137 137 137 137 137 137 136 136 135 134 137 137 136 136 136 136 136 137 137 138 137 137 137 136 136 135 135 134 134 133 137 137 138 138 138 138 137 137 136 136 137 137 138 138 139 139 139 140 140 141 137 137 136 136 136 137 137 138 139 140 137 137 137 137 137 137 136 135 135 133 137 137 138 138 139 139 139 139 139 140 137 137 137 137 137 137 137 137 137 137
137 137 136 135 134 132 131 129 128 126 137 136 136 136 136 137 137 138 138 139 137 138 139 140 140 140 141 141 140 140 137 138 138 139 140 140 141 142 142 143 137 137 137 136 136 135 135 134 134 134 137 136 136 136 136 137 137 138 139 140 137 138 139 140 140 141 141 141 141 141 138 138 137 137 137 137 136 136 136 135 137 137 137 137 138 139 140 141 143 145 137 137 137 138 138 138 138 138 138 138
138 137 136 135 133 131 128 126 123 119 136 135 135 134 135 135 136 138 140 142 136 139 141 143 144 145 145 145 144 142 138 139 140 142 144 145 147 149 151 153 138 137 136 135 134 134 133 133 133 133 136 135 134 133 133 133 134 135 136 138 136 139 141 143 144 144 144 143 142 141 138 138 138 138 138 138 139 139 139 139 137 136 136 136 136 138 139 141 144 147 138 138 138 138 138 138 138 139 139 139
138 138 137 136 134 131 128 125 121 116 136 134 133 132 132 133 134 136 139 142 136 140 144 147 149 150 150 149 147 144 138 140 142 145 148 151 154 157 160 164 138 137 135 134 133 133 133 133 133 134 136 134 132 130 129 129 129 130 132 134 136 140 143 145 146 146 146 144 142 139 138 138 139 140 140 141 142 144 145 146 137 135 134 134 134 135 137 140 143 147 138 138 138 138 139 139 139 139 140 140
137 138 138 138 136 134 131 127 122 117 136 133 131 129 129 129 131 133 137 141 135 142 147 151 153 155 155 153 151 147 138 141 144 148 152 156 160 165 170 175 139 137 135 134 133 133 133 134 135 136 136 133 129 127 125 124 124 125 126 128 136 141 144 147 148 148 147 144 140 135 138 139 140 142 144 146 148 150 153 156 138 134 132 131 130 131 133 136 140 145 137 138 138 138 139 139 140 140 140 141
137 139 140 141 140 138 136 132 127 122 137 132 128 126 125 125 126 129 132 137 135 143 150 155 158 160 160 158 155 150 139 142 147 151 156 161 167 173 179 185 139 137 135 134 134 134 135 136 138 140 137 131 127 123 120 118 118 118 119 121 135 141 145 148 149 149 147 143 138 131 138 140 142 145 148 151 155 159 164 168 138 133 129 127 126 126 127 130 134 140 137 137 138 138 139 139 140 140 141 141
136 140 143 145 145 145 143 140 136 130 137 131 126 122 120 119 120 123 126 132 134 144 153 159 163 165 165 163 160 154 139 144 149 154 160 167 173 181 188 196 140 138 136 135 135 136 137 139 142 146 137 130 124 119 115 112 110 110 110 112 135 141 146 149 150 149 145 140 133 124 137 141 144 149 153 159 164 170 177 183 139 132 126 122 120 119 120 123 127 133 137 137 138 138 139 139 140 140 141 142
135 142 147 150 152 153 153 151 147 142 138 129 123 118 114 113 113 115 119 124 134 146 155 163 168 171 171 169 165 158 139 145 151 157 165 172 180 189 198 207 140 138 137 136 137 138 140 144 148 152 138 129 121 114 108 104 102 100 100 101 134 142 147 149 150 148 143 137 128 116 137 142 147 153 160 167 175 183 192 201 139 130 123 117 113 111 111 113 117 123 136 137 137 138 139 139 140 141 141 142
134 143 151 157 161 164 165 164 162 158 139 128 119 113 108 105 105 106 109 114 133 147 158 167 173 176 177 175 170 162 140 146 153 161 169 178 187 197 207 218 141 139 138 138 139 141 145 149 154 161 139 127 117 109 102 96 92 90 89 89 134 142 147 149 149 146 140 132 121 107 136 143 150 159 168 177 187 198 209 222 140 128 119 111 105 102 101 102 105 110 135 136 137 137 138 139 140 140 141 142
133 145 156 164 171 176 179 181 180 178 140 127 116 107 101 97 95 95 98 103 132 148 161 171 178 182 183 181 175 167 140 147 155 164 173 183 194 205 217 230 142 140 140 140 142 146 150 156 162 170 140 126 114 103 94 87 82 78 76 75 133 141 146 148 147 143 136 126 112 96 135 144 154 165 176 188 201 215 229 245 141 126 114 104 97 92 89 89 91 95 134 135 136 137 138 139 139 140 141 142
137 137 137 137 137 137 136 136 135 134 137 137 136 136 136 136 137 137 138 139 137 138 138 138 138 138 137 136 135 134 137 137 138 138 139 139 140 140 141 142 137 137 138 138 139 139 139 140 140 141 137 137 136 136 136 137 137 138 139 140 137 137 137 137 137 137 136 136 135 134 137 138 138 139 139 139 140 140 140 140 137 137 136 136 137 137 138 139 140 141 137 137 137 137 137 137 137 137 137 138
137 138 139 140 141 142 143 143 144 144 138 137 136 135 135 134 133 132 131 130 137 138 139 140 142 143 144 146 147 148 138 137 136 135 134 133 133 132 131 131 136 137 138 138 139 140 141 142 144 145 137 136 135 134 133 132 130 129 127 125 136 137 137 137 137 137 137 137 137 137 136 137 137 137 138 139 139 140 142 143 137 136 135 134 133 132 131 129 128 127 137 137 137 137 137 137 137 137 137 137
136 138 140 141 143 145 146 148 149 150 138 137 136 135 134 132 131 129 126 124 136 138 140 143 145 148 151 154 158 162 138 136 134 132 130 128 127 125 124 123 136 136 137 137 138 139 141 142 144 146 138 136 135 133 131 128 125 121 117 113 136 136 136 136 137 138 138 139 140 142 136 136 135 135 136 137 138 139 141 143 137 136 135 133 131 128 125 122 118 114 136 136 136 136 136 136 136 136 136 136
136 138 140 142 144 145 147 149 151 152 138 138 137 136 134 132 129 127 123 120 136 138 141 145 149 153 158 163 168 174 138 135 133 130 127 125 123 120 118 117 136 135 135 135 136 137 138 140 142 144 138 136 135 132 129 125 120 115 109 102 135 136 136 137 138 139 141 143 146 148 136 134 133 133 133 134 135 136 139 141 137 136 134 132 129 125 121 116 110 104 136 136 136 136 136 136 136 136 136 136
136 138 139 141 143 144 146 147 149 151 138 138 137 136 135 132 130 126 122 117 135 138 142 147 152 158 164 171 179 187 139 135 132 129 126 123 120 117 115 113 136 134 133 133 132 133 133 134 136 138 137 137 135 132 128 123 117 110 102 93 135 136 136 138 140 142 145 148 152 157 136 133 131 130 129 129 130 132 134 137 137 136 135 132 128 123 118 111 104 95 136 136 136 136 136 136 136 136 136 136
137 137 138 139 140 141 142 143 144 145 137 138 138 138 136 134 131 127 123 117 135 139 143 149 155 162 170 179 188 199 139 135 131 128 125 122 119 116 114 112 136 133 131 129 127 127 126 127 128 129 137 137 135 132 128 122 115 107 97 86 135 136 137 140 142 146 150 155 161 167 137 132 129 126 124 124 124 125 127 130 137 137 135 132 128 123 116 108 99 89 136 136 136 136 136 136 136 136 136 136
137 137 136 136 136 135 135 135 136 136 137 139 140 140 139 137 134 130 125 119 134 139 144 150 158 166 175 186 197 210 139 135 132 128 125 122 119 117 115 113 137 132 128 124 121 119 117 116 116 117 137 137 136 133 128 122 114 105 94 81 134 136 139 142 146 151 157 163 171 179 137 131 126 122 119 117 116 117 119 121 137 137 136 133 129 123 116 107 96 84 137 137 137 137 136 136 136 136 136 136
138 136 134 132 130 128 126 125 124 123 136 139 141 142 142 140 138 134 129 123 134 139 145 152 160 170 181 193 206 221 139 136 132 129 126 124 121 119 117 116 138 130 124 118 113 109 106 104 102 101 136 137 136 134 129 123 115 104 92 78 134 137 140 145 150 157 164 173 182 192 138 130 122 117 112 109 107 107 108 110 137 138 138 135 131 125 117 107 95 82 137 137 137 137 137 137 137 137 137 136
139 134 130 126 122 118 115 112 108 105 135 139 143 145 146 145 143 140 135 129 134 139 145 153 162 173 185 199 214 231 140 136 133 131 128 126 125 123 122 122 139 129 120 112 104 98 93 88 85 82 135 137 137 135 131 125 116 105 92 77 134 138 142 148 155 164 173 183 195 208 139 128 119 111 105 100 97 95 95 96 137 139 140 138 134 128 119 109 96 82 138 138 138 138 138 137 137 137 137 137
140 133 126 120 113 107 101 95 90 84 133 140 145 148 150 151 150 147 143 137 133 139 146 154 164 176 190 205 222 241 140 137 135 133 132 131 130 129 129 130 140 127 115 104 94 85 77 70 65 60 134 138 139 138 134 128 119 108 94 78 134 139 145 152 161 171 183 196 210 225 141 127 115 105 96 89 84 81 80 80 137 140 142 141 137 131 123 112 99 83 139 139 139 139 138 138 138 138 138 138
137 137 137 137 137 137 137 136 136 135 137 137 138 138 138 138 139 139 139 139 137 137 138 138 138 139 139 139 140 140 137 137 137 137 138 138 138 139 139 140 137 137 136 136 136 136 136 136 137 137 137 137 137 137 137 136 136 135 134 133 137 137 137 137 137 137 137 137 137 137 137 136 136 136 136 136 136 136 136 137 137 137 136 136 136 135 134 134 133 132 137 137 137 137 137 137 137 137 137 137
137 138 139 140 141 142 142 143 143 143 138 138 138 138 139 139 139 140 140 141 138 136 135 134 133 132 132 131 131 131 137 137 137 137 137 137 137 137 137 138 137 137 137 137 136 136 135 135 135 134 137 136 135 134 133 133 132 131 130 129 137 137 137 137 137 137 137 137 137 137 138 136 135 134 133 132 130 129 127 125 136 137 137 138 138 139 140 141 142 144 137 137 137 137 138 138 138 138 138 138
136 139 141 143 145 147 148 149 151 152 138 138 138 138 138 138 139 139 140 141 138 135 133 131 129 128 126 125 125 124 137 136 136 136 135 135 134 134 133 132 137 138 138 137 137 136 136 135 134 133 138 136 134 132 130 128 127 126 125 124 137 137 137 137 137 137 136 136 136 135 138 137 135 134 132 129 127 124 121 117 136 137 138 139 140 142 144 146 149 152 137 137 138 138 138 138 138 138 138 138
136 139 143 146 149 151 154 156 158 160 139 138 137 137 137 137 137 137 138 139 138 134 131 129 126 125 123 122 122 122 137 136 135 133 132 131 129 127 126 124 137 138 138 138 138 138 137 136 134 132 138 135 131 129 126 124 122 120 119 118 136 137 136 136 136 135 135 134 133 132 138 137 136 134 132 129 125 121 117 112 136 136 137 139 141 143 146 150 153 158 137 137 138 138 138 138 138 138 138 138
135 140 144 149 153 157 160 163 166 169 139 138 136 135 134 134 133 133 134 134 138 134 130 127 125 123 122 122 122 122 137 135 133 130 128 125 122 119 116 112 137 138 139 140 140 140 139 138 136 134 139 134 129 125 122 119 116 114 112 111 136 136 136 135 134 133 132 131 130 128 137 137 137 135 133 130 126 122 116 110 136 136 137 138 140 143 146 151 155 161 137 137 137 137 138 138 138 138 138 138
135 141 146 152 157 162 166 170 174 178 140 137 135 133 131 130 129 128 128 128 138 133 130 127 125 124 123 124 125 126 137 134 130 126 122 117 113 108 103 98 137 139 141 142 142 142 142 140 139 136 139 133 127 122 117 113 110 107 105 103 136 135 134 133 132 131 129 127 125 123 137 138 138 137 136 133 129 124 119 112 136 135 135 137 139 141 145 149 155 161 137 137 137 137 137 137 138 138 138 138
134 141 148 155 161 167 172 178 183 187 140 136 133 129 127 124 122 121 120 119 137 133 130 128 127 126 127 128 130 133 138 133 127 121 115 108 102 95 87 80 136 139 142 144 145 146 145 144 143 140 139 131 124 118 112 107 103 99 97 95 135 134 133 131 129 127 125 122 120 116 136 139 140 140 139 137 134 129 124 117 136 134 134 134 136 138 142 146 152 158 136 136 136 137 137 137 137 137 138 138
133 142 150 158 165 172 179 185 191 196 141 135 130 126 121 118 115 112 110 108 136 133 131 130 130 130 132 135 139 144 139 131 123 115 107 98 89 79 69 59 135 140 144 146 149 150 150 149 148 146 140 130 121 113 106 100 95 91 87 85 134 133 131 129 126 123 120 117 113 109 135 140 143 145 145 144 141 137 132 125 136 133 132 131 132 133 136 141 146 153 135 136 136 136 136 136 137 137 137 137
133 143 152 161 169 178 185 193 199 206 141 134 127 121 115 110 105 101 98 95 135 133 132 132 134 136 140 145 151 158 139 129 119 108 97 85 73 61 48 35 134 140 145 149 152 154 156 156 155 153 140 129 118 109 100 93 87 82 78 75 133 131 128 125 122 118 114 110 105 100 134 141 146 150 151 152 150 147 143 136 137 132 129 127 126 127 130 133 138 145 134 135 135 135 135 136 136 136 136 137
132 143 154 164 174 183 192 200 208 215 142 133 124 116 108 101 95 89 84 80 134 133 134 136 139 144 150 157 166 175 141 128 114 100 86 71 56 40 24 8 133 140 147 153 157 160 162 163 162 161 140 127 115 104 94 85 78 72 67 63 132 129 126 122 118 113 108 102 97 90 133 142 150 156 159 161 162 160 157 151 138 131 126 122 120 120 121 123 128 133 133 134 134 134 134 135 135 135 135 136
137 137 138 138 137 137 137 136 136 135 137 137 137 138 138 138 139 139 139 140 137 137 136 136 136 136 136 137 137 138 137 137 136 136 135 135 134 134 133 133 137 137 136 136 135 135 134 134 133 133 137 136 136 135 135 135 134 134 134 133 137 137 136 136 135 135 134 134 133 132 137 137 137 137 137 136 136 135 135 134 137 137 136 136 136 136 136 136 136 137 137 137 137 137 137 137 137 137 138 138
137 137 137 137 137 137 136 136 135 134 137 137 137 138 138 138 138 139 139 140 137 137 136 136 136 136 137 137 138 139 137 137 136 135 135 134 134 133 133 132 137 137 136 136 135 135 134 134 133 132 137 136 136 136 135 135 134 134 134 134 137 137 136 136 135 134 134 133 132 132 137 137 137 137 137 137 137 136 136 135 137 137 136 136 135 135 135 135 136 136 137 137 137 137 137 137 137 137 137 138
137 137 137 137 137 136 136 135 134 133 137 137 137 137 138 138 138 139 139 139 137 137 136 136 137 137 137 138 139 139 137 136 136 135 135 134 133 133 132 131 137 137 136 136 135 135 134 134 133 132 137 136 136 136 135 135 135 135 134 134 137 137 136 135 135 134 133 133 132 131 137 137 137 137 137 137 137 137 137 136 137 136 136 135 135 135 135 135 135 135 137 137 137 137 137 137 137 137 137 138
137 137 137 137 136 136 135 134 133 132 137 137 137 137 138 138 138 139 139 139 137 137 137 137 137 137 138 138 139 140 137 136 136 135 134 134 133 132 132 131 137 137 136 136 135 135 134 133 133 132 137 136 136 136 136 135 135 135 135 135 137 137 136 135 135 134 133 132 131 131 137 137 138 138 138 138 138 138 137 137 137 136 136 135 135 134 134 134 134 134 137 137 137 137 137 137 137 137 137 137
137 137 137 136 136 135 134 134 132 131 137 137 137 137 138 138 138 138 139 139 137 137 137 137 137 138 138 139 140 141 137 136 136 135 134 133 133 132 131 130 137 136 136 135 135 134 134 133 133 132 137 137 136 136 136 136 135 135 135 135 137 136 136 135 134 134 133 132 131 130 137 137 138 138 138 138 138 138 138 138 137 136 136 135 134 134 134 134 134 134 137 137 137 137 137 137 137 137 137 137
137 137 137 136 136 135 134 133 132 130 137 137 137 137 137 138 138 138 139 139 137 137 137 137 138 138 139 140 141 142 137 136 136 135 134 133 132 131 131 130 137 136 136 135 135 134 134 133 132 132 137 137 136 136 136 136 136 136 136 136 137 136 136 135 134 133 132 132 131 129 137 137 138 138 139 139 139 139 139 139 137 136 136 135 134 134 133 133 133 133 137 137 137 137 137 137 137 137 137 137
137 137 137 136 135 134 133 132 131 129 137 137 137 137 137 138 138 138 139 139 137 137 137 137 138 139 139 140 141 143 137 136 135 135 134 133 132 131 130 129 137 136 136 135 135 134 134 133 132 132 137 137 136 136 136 136 136 136 136 136 137 136 136 135 134 133 132 131 130 129 137 137 138 139 139 139 140 140 140 140 137 136 135 135 134 133 133 132 132 132 137 137 137 137 137 137 137 137 137 137
137 137 136 136 135 134 133 131 130 128 137 137 137 137 137 138 138 138 138 139 137 137 137 138 138 139 140 141 142 143 137 136 135 134 133 132 132 131 130 129 137 136 136 135 135 134 133 133 132 131 137 137 136 136 136 136 136 136 136 137 137 136 136 135 134 133 132 131 130 128 137 138 138 139 139 140 140 141 141 141 138 136 135 134 134 133 132 132 131 131 137 137 137 137 137 137 137 137 137 137
137 137 136 135 134 133 132 131 129 128 137 137 137 137 137 137 138 138 138 139 137 137 137 138 139 139 140 141 143 144 137 136 135 134 133 132 131 130 129 128 137 136 136 135 135 134 133 133 132 131 137 137 136 136 136 136 136 137 137 137 137 136 135 134 134 132 131 130 129 128 137 138 138 139 140 140 141 141 142 142 138 136 135 134 133 132 132 131 131 131 137 137 137 137 137 137 137 137 137 137
138 137 136 135 134 133 131 130 128 127 137 137 137 137 137 137 138 138 138 139 136 137 137 138 139 140 141 142 143 145 137 136 135 134 133 132 131 130 129 128 137 136 136 135 134 134 133 133 132 131 137 137 137 137 137 137 137 137 137 137 137 136 135 134 133 132 131 130 129 127 137 138 139 139 140 141 142 142 143 143 138 136 135 134 133 132 131 131 130 130 137 137 137 137 137 137 137 137 137 137