100 100
10.0 0.3
135 157 175 187 195 197 195 187 175 157 135 132 130 128 127 127 127 128 130 132 135 137 139 141 142 142 142 141 139 137 135 126 120 115 112 111 112 115 120 126 135 121 109 102 97 95 97 102 109 121 135 157 174 187 194 197 194 187 174 157 135 115 99 88 81 79 81 88 99 115 135 139 142 145 146 147 146 145 142 139 135 146 154 161 164 165 164 161 154 146 135 128 121 114 107 100 93 86 79 72
138 159 175 186 192 194 190 181 167 149 125 123 121 119 119 119 120 122 124 127 131 133 134 135 135 134 133 131 129 125 122 114 109 106 104 105 107 112 119 127 138 124 114 106 101 98 99 102 108 116 127 149 167 179 187 190 189 182 171 155 134 114 99 88 81 79 82 89 100 115 136 143 149 154 158 160 161 161 160 158 154 161 166 169 170 169 166 161 153 144 133 127 120 114 108 102 95 89 83 76
140 160 175 185 190 190 186 176 162 142 118 115 113 112 112 113 114 116 119 123 128 129 130 130 129 128 126 124 120 116 112 105 100 98 97 99 103 109 117 128 140 128 118 110 105 102 101 103 107 113 122 143 161 173 181 185 184 178 168 153 134 114 99 88 82 80 82 89 100 116 136 146 155 162 167 171 174 175 175 173 169 173 175 175 174 171 166 160 152 143 132 126 120 115 109 104 98 92 87 81
141 160 175 184 188 188 183 172 157 137 113 110 108 107 107 108 109 112 116 120 126 127 127 127 126 124 121 118 114 110 104 98 94 92 92 95 99 107 116 128 142 131 122 115 110 106 105 105 107 111 117 139 156 168 176 180 180 175 165 151 133 114 99 88 82 80 82 89 101 116 137 149 159 168 175 180 184 186 186 184 180 181 180 178 175 170 165 158 150 141 131 126 121 116 111 106 101 96 91 86
142 161 174 183 187 186 180 170 155 134 110 106 104 103 103 104 106 109 113 118 124 125 126 125 124 122 119 115 111 106 100 94 89 88 88 91 97 105 115 128 143 133 126 119 114 111 109 108 109 111 115 136 152 164 173 177 176 172 163 150 133 114 99 88 82 80 83 90 101 117 137 151 163 173 181 187 191 193 193 191 187 185 181 178 173 168 162 155 147 139 130 126 122 117 113 109 105 100 96 92
143 161 174 182 186 185 179 169 153 133 108 105 103 102 101 102 105 108 112 117 124 125 125 125 124 121 118 115 110 105 99 92 87 85 86 89 95 103 114 127 143 136 129 124 119 116 114 112 112 112 114 134 150 162 170 174 174 169 161 149 133 114 99 88 82 81 83 90 101 117 137 152 166 177 185 192 196 197 197 194 189 185 180 175 169 164 157 151 144 137 130 126 123 119 116 112 109 105 101 98
142 160 174 182 186 185 179 169 154 134 110 106 103 101 101 102 104 107 112 117 124 126 126 126 125 123 120 116 112 106 100 92 87 85 85 88 93 102 113 126 143 137 133 128 125 122 119 117 116 115 115 134 149 161 168 172 172 168 160 148 133 114 99 89 83 81 83 90 101 117 137 153 167 179 188 194 198 199 197 193 187 181 175 169 163 157 152 146 141 135 130 127 124 121 119 116 113 110 107 104
141 160 173 182 186 185 180 170 156 137 113 108 105 103 102 103 105 108 113 119 126 128 129 129 128 126 124 120 116 111 104 95 89 86 85 88 93 101 112 125 142 139 136 133 130 128 125 123 121 119 117 135 150 160 167 171 171 167 159 148 133 114 99 89 83 81 84 90 101 117 137 154 168 179 188 194 197 197 194 189 180 173 166 160 154 149 144 140 136 133 131 128 126 124 122 120 118 115 113 111
140 158 172 182 186 187 182 173 159 141 118 113 109 106 105 106 107 110 115 121 128 130 132 133 133 132 130 127 123 118 112 101 94 89 87 89 93 100 111 124 140 140 139 138 136 134 132 130 128 125 122 138 152 162 168 171 170 166 159 148 134 115 100 89 83 81 84 90 101 117 136 153 168 179 187 192 193 192 188 180 169 161 154 148 143 139 135 133 132 131 132 130 129 127 126 124 123 121 120 118
138 157 172 182 187 188 185 177 164 147 125 119 115 112 110 110 111 114 118 124 131 134 137 139 139 139 137 135 132 127 122 109 100 94 91 91 94 100 110 122 138 140 142 142 142 142 140 138 135 132 127 143 155 164 169 172 171 166 159 148 134 115 100 90 84 82 84 90 101 116 136 153 166 177 184 187 187 184 178 168 154 146 139 134 129 127 125 125 126 129 133 132 131 131 130 129 128 127 127 126
135 155 171 182 189 191 189 182 171 155 135 128 122 118 116 115 116 118 122 128 135 140 143 146 147 148 147 146 143 140 135 120 109 101 96 94 96 101 109 120 135 140 144 147 149 149 149 147 144 140 135 149 160 167 172 173 172 167 160 149 135 116 101 90 84 82 84 90 101 116 135 151 164 173 179 180 179 173 164 151 135 127 120 116 113 112 113 116 120 127 135 135 135 134 134 134 134 134 134 134
141 162 179 191 199 202 202 196 187 173 154 148 143 140 138 138 139 141 146 151 158 161 162 163 163 162 161 159 156 152 148 134 123 115 109 106 107 110 116 125 137 145 152 157 161 164 165 164 162 159 154 164 172 177 180 181 180 175 169 160 149 129 112 100 91 85 84 86 92 101 115 132 145 155 161 164 163 158 150 138 123 118 116 115 116 118 123 129 137 146 158 157 157 156 156 155 155 154 154 153
145 167 184 198 206 211 211 207 199 186 169 163 159 156 155 155 157 159 164 170 177 176 176 175 174 172 170 168 165 162 159 145 134 126 120 117 116 118 122 129 138 149 159 166 172 176 178 178 176 173 168 175 180 184 185 185 184 180 175 168 160 139 122 108 97 90 85 84 86 91 99 117 130 141 148 151 151 147 139 128 114 112 112 114 117 123 130 139 149 162 176 175 174 173 172 172 171 170 169 168
149 171 188 202 211 217 218 214 207 195 180 175 171 168 167 168 169 173 177 183 190 187 185 183 180 178 175 173 171 169 166 154 144 135 129 126 124 125 127 132 140 153 164 173 180 185 188 189 188 184 179 182 185 186 186 186 184 182 178 173 167 148 130 116 104 95 88 84 83 84 88 106 120 131 138 141 142 138 131 121 107 107 109 113 119 126 135 146 158 173 189 188 186 185 184 183 181 180 179 177
151 173 190 204 214 219 221 218 212 201 186 181 178 176 175 176 178 181 185 191 198 193 189 186 182 179 177 175 173 172 171 160 150 142 137 133 131 130 132 135 140 156 168 179 187 193 196 197 195 191 185 185 185 185 184 183 181 180 177 175 172 154 137 123 110 100 92 86 83 81 81 99 113 124 131 135 136 133 126 117 103 105 108 113 119 128 138 150 164 179 197 195 193 192 190 188 187 185 183 182
151 173 191 204 214 219 221 219 213 202 188 184 181 179 178 179 181 184 188 194 200 194 189 184 180 177 175 173 172 172 172 163 154 147 142 138 136 135 135 137 141 157 172 183 192 198 201 202 199 195 187 184 182 179 177 176 175 174 174 173 174 157 142 129 117 107 98 91 85 81 79 97 111 122 129 133 134 131 125 115 102 104 107 113 120 129 139 151 166 182 199 197 195 193 191 189 187 185 183 181
151 172 189 202 211 217 218 216 210 200 186 182 179 177 177 177 179 182 186 191 198 190 184 178 174 170 168 167 167 169 171 163 156 150 145 142 139 138 137 138 140 158 174 186 195 201 203 203 200 194 185 179 174 170 167 166 165 165 166 169 172 158 146 134 123 114 105 98 91 86 81 99 112 123 130 134 135 132 126 116 103 105 108 113 119 128 138 150 164 179 197 194 192 189 187 184 182 180 177 175
149 169 185 197 206 211 212 210 204 194 180 176 173 171 171 171 173 175 179 184 190 181 173 167 163 160 158 158 159 162 166 160 155 150 147 143 141 140 139 139 140 159 174 187 195 201 203 202 198 190 179 170 163 157 154 152 151 153 156 161 167 157 148 138 130 121 114 107 100 94 88 105 118 128 135 139 139 136 130 120 107 107 110 113 119 126 135 146 159 173 189 186 183 180 178 175 172 169 166 164
145 164 179 191 199 203 203 200 194 183 169 165 162 160 160 160 161 164 167 171 177 167 159 152 148 145 144 145 148 152 159 155 152 148 146 144 142 140 139 139 138 158 174 186 194 199 200 198 192 182 168 156 147 140 136 134 134 137 142 150 160 154 148 142 136 130 124 118 111 105 99 115 128 138 144 147 147 143 137 127 114 112 112 114 118 123 130 139 150 162 176 173 170 166 163 160 157 154 150 147
141 158 172 182 189 192 191 187 180 169 154 150 147 145 144 144 145 147 150 154 158 148 139 132 128 126 126 128 133 139 148 147 146 144 143 142 141 140 139 138 137 156 172 184 191 195 195 190 182 170 154 139 128 120 115 113 114 118 125 135 149 148 146 144 142 139 135 131 126 121 115 130 142 151 156 159 158 154 147 137 123 119 116 115 116 119 123 129 137 147 158 154 151 147 144 140 136 133 129 126
135 150 162 171 176 178 176 171 162 150 135 131 128 125 124 123 124 125 128 131 135 123 114 108 104 103 104 108 114 123 135 136 137 138 138 139 138 138 137 136 135 154 169 180 186 189 186 180 169 154 135 118 105 95 90 88 90 95 105 118 135 140 144 146 148 148 148 146 144 140 135 149 160 168 172 174 172 168 160 149 135 127 121 116 114 113 114 116 121 127 135 131 127 123 119 115 111 107 103 99
143 153 161 165 167 165 161 154 144 131 115 114 114 115 116 117 120 123 126 130 134 124 116 110 106 104 104 107 111 118 127 128 129 130 132 134 136 138 141 143 146 161 172 179 183 182 178 169 157 141 121 105 93 84 79 77 78 83 91 102 117 125 133 139 144 149 152 154 156 156 155 166 173 177 179 177 173 166 156 143 127 119 112 106 103 100 100 101 104 108 114 111 108 105 102 99 97 94 91 88
149 155 158 159 158 154 148 139 129 115 99 102 104 107 110 114 117 121 125 130 134 125 118 112 109 106 106 107 110 115 121 121 122 123 126 129 132 137 142 148 155 166 174 178 179 176 170 160 147 130 110 96 85 77 72 70 71 74 81 90 103 114 124 133 141 148 155 160 165 169 172 178 182 184 183 179 173 164 152 138 122 113 105 99 94 91 89 89 90 93 97 95 94 92 90 88 87 85 83 82
154 156 156 154 150 144 137 128 116 103 88 93 98 103 108 112 117 121 126 130 134 126 120 115 112 109 108 108 110 113 116 115 115 117 119 123 128 135 142 151 161 169 174 176 174 170 163 152 139 122 102 90 80 73 68 66 67 69 75 83 93 106 117 128 138 148 157 164 171 178 183 187 189 188 185 180 172 162 149 135 117 108 101 94 89 85 82 81 81 83 85 85 84 84 83 82 82 81 81 80
156 155 152 148 143 136 128 118 107 95 82 89 96 102 108 113 118 123 127 131 134 128 123 119 116 113 112 111 111 112 114 111 110 111 113 117 123 131 141 152 165 170 173 173 170 165 157 146 132 116 98 87 79 72 68 66 66 68 72 79 87 100 113 125 136 147 157 166 175 183 190 192 192 189 185 179 170 159 147 132 115 106 98 92 86 82 79 77 76 77 78 79 79 80 80 81 81 82 82 83
157 153 148 142 136 128 120 111 102 91 80 88 97 104 110 116 121 126 129 132 134 130 126 123 121 118 117 115 114 113 113 108 105 105 107 111 117 126 137 150 166 169 170 169 165 159 151 141 128 113 96 87 80 75 72 70 69 71 74 79 85 98 111 123 135 146 156 166 176 184 192 193 191 188 183 176 167 157 144 130 114 106 98 92 87 82 79 77 75 75 76 78 79 81 82 84 86 87 89 91
156 150 144 137 130 123 115 107 99 91 82 92 101 109 116 122 126 130 132 134 134 132 130 128 126 124 122 120 118 116 114 106 102 100 101 104 111 120 132 147 165 166 166 164 160 154 147 137 126 113 98 91 85 81 78 77 76 77 79 82 87 99 111 123 134 145 155 164 173 182 190 190 187 184 179 172 164 154 142 129 115 107 101 95 90 86 82 80 79 78 78 81 84 87 89 92 95 98 100 103
154 146 139 131 125 118 112 105 99 94 88 99 109 117 124 129 133 135 136 136 134 134 134 134 133 131 129 127 124 120 116 106 99 95 95 97 103 113 126 142 161 162 161 159 155 150 143 135 126 115 102 98 94 91 89 87 87 87 88 90 93 104 114 124 134 143 152 160 168 176 183 182 180 177 172 167 159 151 141 130 117 111 105 100 96 92 89 87 86 85 85 89 93 97 101 105 109 113 116 120
149 141 133 126 120 115 110 106 103 101 99 111 121 129 135 139 142 142 141 139 134 137 139 140 140 139 137 134 131 126 121 107 97 91 88 90 95 104 117 134 155 155 154 152 149 145 140 134 127 119 110 107 105 104 102 101 101 101 101 102 103 111 119 126 134 141 147 154 160 166 172 171 170 168 164 160 154 148 140 131 122 117 112 108 105 102 100 98 97 97 97 102 107 112 117 122 127 132 137 142
143 134 127 121 116 113 110 110 110 112 115 126 136 143 148 151 152 151 147 142 134 140 144 146 147 147 146 143 139 134 127 109 96 87 82 82 86 95 107 125 146 146 146 145 144 141 139 135 131 126 121 121 120 120 119 119 119 118 118 117 117 122 126 130 134 138 142 146 149 152 155 156 156 155 154 151 148 144 139 134 127 124 121 119 117 115 114 113 113 113 114 120 126 132 138 144 150 157 163 169
135 127 120 116 113 112 113 116 120 127 135 146 154 161 164 165 164 161 154 146 135 143 149 153 156 157 156 153 149 143 135 113 96 84 77 74 77 84 96 113 135 136 137 137 138 138 138 137 137 136 135 137 138 139 140 140 140 139 138 137 135 135 135 136 136 136 136 136 135 135 135 137 139 140 141 141 141 140 139 137 135 134 133 132 131 131 131 132 133 134 135 142 149 157 164 171 178 186 193 200
112 109 108 108 109 112 115 121 127 135 143 150 155 157 157 155 151 145 137 127 114 125 134 141 147 151 153 154 154 151 147 127 110 99 91 88 89 95 105 120 139 139 140 140 140 140 139 139 138 136 135 135 135 135 135 135 135 135 136 136 136 135 133 132 130 128 125 123 121 118 115 122 128 134 139 144 147 151 154 156 157 155 154 152 151 151 151 151 152 153 155 162 169 176 184 191 198 205 213 220
94 97 100 103 108 113 119 126 133 141 150 153 154 153 151 147 141 133 123 112 99 111 122 131 139 146 151 155 157 158 157 138 122 111 104 100 101 105 113 125 141 142 142 142 142 141 141 140 138 137 135 133 131 130 130 130 130 131 133 135 138 135 132 129 125 122 118 114 109 105 100 110 120 129 138 145 153 159 165 170 175 172 170 168 167 166 166 166 167 168 170 177 185 192 199 206 214 221 228 235
82 88 95 102 109 116 124 131 139 147 155 155 153 150 145 139 132 123 113 101 87 101 113 124 133 142 149 154 159 162 164 146 132 122 114 111 110 114 120 130 144 144 144 144 143 143 142 140 139 137 135 131 128 126 125 124 125 127 130 134 138 135 131 127 122 118 112 107 101 95 89 102 114 126 137 147 157 165 173 181 187 184 181 179 177 176 176 176 177 179 181 189 196 203 210 217 225 232 239 246
74 84 94 103 112 121 129 137 144 151 158 155 151 146 140 133 125 116 105 93 81 94 107 119 129 138 147 154 160 164 168 152 140 130 123 119 118 121 126 134 145 145 145 145 144 144 142 141 139 137 135 129 124 121 119 119 120 122 126 132 139 135 131 126 121 116 110 103 97 90 82 97 111 124 137 148 159 169 179 187 195 191 187 185 183 182 182 182 183 185 188 195 202 210 217 224 231 238 245 253
72 85 97 108 118 127 135 142 149 154 159 154 149 143 136 128 120 111 101 90 78 92 104 116 126 136 145 152 159 165 169 156 145 136 130 126 125 126 130 136 145 146 146 145 145 144 143 141 140 138 135 127 120 116 114 113 114 118 123 130 139 135 131 127 121 116 110 103 96 88 80 95 110 124 137 149 161 171 181 189 197 193 189 186 184 183 182 183 185 187 190 197 205 212 219 226 233 240 247 255
74 89 103 115 125 135 142 148 153 156 158 152 146 139 132 125 117 109 100 90 81 93 105 115 125 135 143 150 157 163 168 156 147 140 134 131 130 131 133 138 145 145 145 145 145 144 143 141 140 138 135 125 117 111 108 107 109 113 119 128 139 136 132 128 123 118 112 105 98 90 82 98 112 126 138 150 161 171 180 188 195 190 185 182 180 179 179 180 181 184 188 195 202 209 216 224 231 238 245 252
82 98 113 125 135 144 150 154 157 157 155 149 142 136 129 123 116 109 102 95 87 98 108 117 126 134 141 148 154 159 164 155 147 141 137 134 133 133 135 139 144 144 145 144 144 143 142 141 139 137 135 123 113 106 102 101 103 107 115 125 138 136 134 131 127 122 117 111 104 97 89 103 116 129 140 151 160 168 176 182 187 182 177 174 171 170 170 171 174 177 181 188 196 203 210 217 224 231 238 245
94 112 126 138 148 155 159 161 160 156 150 144 138 132 127 122 117 112 107 103 99 107 114 121 128 134 140 145 149 153 157 150 145 141 138 136 135 135 136 138 141 142 143 143 143 143 142 141 139 137 135 120 109 101 96 94 96 102 110 122 138 137 136 134 131 128 124 119 113 107 100 112 123 134 143 151 158 164 168 172 175 169 164 160 158 157 157 159 161 165 170 177 184 191 199 206 213 220 227 234
112 129 143 154 162 167 169 167 162 154 143 138 133 129 125 122 119 117 116 115 114 119 124 128 132 135 138 141 143 146 147 144 141 138 137 135 135 135 136 137 139 140 141 141 141 141 141 140 139 137 135 118 105 95 90 88 90 96 106 119 136 138 139 139 138 136 134 130 126 121 115 124 133 140 146 151 154 157 158 158 157 151 146 142 140 139 139 141 144 149 155 162 169 176 183 190 197 204 211 218
135 151 164 174 179 181 179 174 164 151 135 131 128 126 124 124 124 126 128 131 135 136 136 137 137 137 137 137 136 136 135 134 134 134 133 133 133 134 134 134 135 137 138 139 139 140 139 139 138 137 135 116 101 90 83 81 83 90 101 116 135 139 142 145 146 146 146 145 142 139 135 140 145 148 150 150 150 148 145 140 135 128 123 119 117 116 117 119 123 128 135 142 149 156 163 170 177 184 191 198
154 165 173 177 179 177 173 165 154 141 124 121 119 118 118 120 122 125 129 134 139 140 141 141 141 141 141 140 139 138 136 137 137 138 138 138 138 138 138 138 138 141 143 145 147 149 150 152 152 153 153 135 121 111 105 103 105 111 121 134 152 158 162 165 167 167 167 165 162 158 153 156 158 158 158 156 154 150 145 139 133 126 121 117 115 115 116 119 123 129 136 143 150 156 163 169 176 183 189 196
170 175 178 179 177 173 166 157 146 131 115 113 112 112 114 116 119 124 129 135 143 144 145 145 145 144 144 143 141 140 138 139 140 141 142 143 143 143 142 141 141 144 147 150 153 156 159 161 163 166 167 151 138 129 123 121 123 128 137 149 166 172 177 181 183 184 184 182 179 174 167 168 167 166 163 160 156 151 145 139 131 124 119 116 114 114 115 118 123 129 137 144 150 156 162 169 175 181 188 194
181 182 181 178 174 168 159 149 138 124 109 107 107 108 110 113 117 123 129 137 146 147 147 148 147 147 146 145 143 141 138 141 143 145 146 146 147 146 145 144 142 146 150 154 157 161 164 168 171 174 178 162 150 142 137 135 136 141 149 161 175 183 189 194 196 197 197 195 191 185 178 176 174 171 167 163 157 152 145 138 130 123 118 114 113 113 114 118 123 130 138 144 150 156 162 168 174 180 186 192
187 184 180 175 169 161 152 142 131 119 105 104 104 105 107 111 116 122 129 137 147 148 149 150 149 149 148 146 144 142 139 142 145 148 149 150 150 149 148 146 143 147 151 155 159 163 167 171 175 180 184 170 159 151 146 145 146 150 158 168 181 190 197 202 205 206 206 203 199 192 184 181 177 173 168 163 157 151 144 137 129 122 117 113 112 112 114 117 123 130 139 144 150 155 161 166 172 178 183 189
189 183 177 170 162 154 145 136 126 115 104 102 102 103 106 110 115 121 129 137 148 149 150 151 151 150 149 147 145 142 139 144 147 150 152 153 153 152 150 147 144 147 151 155 159 163 168 172 176 181 186 173 164 157 152 151 152 155 162 171 183 193 201 207 210 212 211 208 203 195 186 182 177 173 167 162 156 150 143 136 129 122 116 112 111 111 113 116 122 129 139 144 149 154 160 165 170 175 180 186
187 179 170 162 154 146 137 129 121 113 105 103 103 103 106 109 114 120 128 137 147 149 150 151 151 151 149 148 145 142 139 144 149 152 154 155 155 154 151 148 143 146 150 153 157 161 165 169 174 179 184 173 164 158 154 153 154 157 163 171 181 192 201 207 211 213 212 208 203 194 184 179 174 169 164 159 153 148 142 135 129 121 116 112 110 110 112 116 121 129 139 143 148 153 158 163 168 173 177 182
181 171 161 152 144 136 129 123 118 113 109 106 105 105 106 109 114 119 127 135 146 148 150 150 151 150 149 148 145 142 138 145 150 153 156 157 156 155 152 148 142 144 147 150 153 156 160 164 168 173 178 168 161 155 152 151 151 154 159 166 175 188 197 204 208 210 209 205 198 189 178 173 168 164 159 154 149 144 140 135 130 122 116 111 109 109 111 115 121 128 138 143 147 152 156 161 165 170 174 179
170 158 148 140 132 126 121 118 116 115 115 111 108 107 108 110 114 119 125 133 143 146 148 149 150 150 149 147 145 141 138 145 150 154 157 158 158 156 152 147 141 141 143 144 146 149 152 155 159 163 167 159 153 148 146 145 145 148 152 158 166 179 189 197 201 203 202 197 190 180 167 163 159 155 151 147 144 140 137 134 131 122 116 111 109 108 110 114 120 127 137 141 146 150 154 158 162 166 171 175
154 143 133 125 119 115 113 113 114 118 124 118 114 112 111 112 114 118 123 131 139 143 145 147 148 148 147 146 143 140 136 144 150 155 158 159 158 156 151 146 138 137 137 137 138 139 141 143 146 149 153 147 141 138 135 135 135 137 141 146 152 166 178 186 190 192 191 186 178 167 153 150 147 144 141 139 137 135 134 133 133 123 116 111 109 108 109 113 118 126 136 140 144 148 151 155 159 163 167 170
135 123 114 108 104 103 104 108 114 123 135 127 121 117 115 114 115 117 121 127 135 139 142 144 145 146 145 144 142 139 135 143 150 155 158 159 158 155 150 143 135 132 130 128 128 127 128 128 130 132 135 130 126 123 121 121 121 123 126 130 135 150 162 170 176 177 176 170 162 150 135 133 131 130 129 129 129 130 131 133 135 125 117 112 108 107 108 112 117 125 135 138 142 145 149 152 155 159 162 166
121 114 109 106 106 108 113 119 128 139 153 144 137 131 127 125 124 124 126 130 135 140 144 147 148 149 149 147 145 142 137 142 145 147 148 147 144 140 134 127 118 118 117 117 116 116 116 116 116 116 116 110 106 103 101 101 103 106 111 117 124 139 151 160 165 166 164 158 149 136 120 116 114 112 111 111 112 114 117 121 126 119 114 111 109 109 111 115 120 127 135 138 141 144 146 149 152 155 158 161
110 107 105 106 108 113 120 128 139 152 166 157 149 142 137 133 131 130 131 132 136 141 146 149 151 152 152 150 148 144 139 141 141 140 139 136 132 127 121 114 105 107 108 109 109 109 109 108 106 104 102 95 90 87 85 86 88 92 98 106 116 131 143 152 157 158 155 149 139 125 108 103 100 97 96 97 98 101 106 112 119 115 113 112 112 113 115 118 123 128 135 137 140 142 144 147 149 151 153 156
102 102 103 106 111 117 126 136 147 161 176 166 158 151 145 140 137 135 134 134 136 142 147 151 153 154 154 153 150 146 140 139 137 134 131 127 122 117 110 104 96 100 103 105 106 106 105 103 100 97 92 84 78 74 72 73 76 81 88 98 110 126 138 147 151 152 149 143 132 118 100 93 89 86 84 85 87 91 97 104 114 113 113 114 115 117 119 122 126 130 135 137 139 140 142 144 145 147 149 151
97 99 103 107 114 121 131 141 153 167 182 172 164 156 150 145 141 138 136 136 136 143 149 153 155 157 156 155 152 147 141 137 133 129 124 119 114 109 103 97 91 97 101 105 106 107 105 103 98 93 86 76 69 64 63 63 67 73 81 92 106 123 135 144 149 150 146 139 129 114 95 87 81 77 75 75 78 83 90 99 111 113 115 117 120 122 125 127 130 133 135 136 138 139 140 141 142 143 144 145
96 99 104 110 117 125 134 145 157 170 184 175 167 159 153 148 143 140 138 136 136 144 150 154 157 159 158 156 153 148 141 135 130 124 119 113 108 103 98 93 89 97 104 108 111 111 110 106 101 93 84 72 64 59 56 57 61 67 77 89 105 122 135 144 149 150 147 139 128 113 93 83 76 71 69 69 72 77 85 96 110 114 118 122 125 128 131 132 134 135 135 136 136 137 137 138 139 139 140 140
97 102 107 113 120 128 137 147 158 169 182 174 166 159 154 149 144 141 139 137 136 144 151 156 159 160 160 158 154 148 141 133 126 120 114 109 104 100 96 93 91 101 110 115 119 120 118 114 107 98 86 73 63 57 54 54 58 65 75 89 106 124 137 147 152 153 150 142 131 115 95 83 74 68 65 65 68 74 83 95 111 117 123 128 132 135 137 138 138 137 135 135 135 135 135 135 135 135 135 135
102 107 112 117 124 131 139 147 156 166 176 169 163 157 152 147 144 141 138 137 136 145 152 157 160 161 161 159 154 148 140 131 124 117 111 106 102 99 97 96 96 109 120 127 131 132 130 125 117 106 92 77 66 58 54 54 58 65 76 91 110 128 142 152 158 159 156 148 136 120 100 86 75 68 64 64 67 73 83 97 114 123 130 136 140 143 145 145 143 140 135 135 134 133 133 132 131 131 130 130
110 114 118 123 128 133 139 145 152 159 166 161 156 151 147 144 141 139 137 136 136 145 152 158 161 162 162 159 154 148 139 129 121 114 109 105 102 101 101 102 105 121 133 142 147 148 146 140 131 118 102 85 72 63 58 58 61 69 80 96 116 135 150 160 166 168 165 157 145 129 108 92 79 71 66 65 68 75 86 100 119 130 138 145 150 153 153 152 148 143 135 134 133 132 130 129 128 127 125 124
121 123 126 129 132 135 138 142 145 149 153 149 146 143 141 139 137 136 135 135 135 145 153 158 162 163 162 159 154 147 137 127 119 113 108 105 104 105 108 112 118 136 150 160 166 168 166 160 149 135 116 97 82 72 66 65 68 75 87 103 124 144 160 171 177 179 177 169 157 141 120 101 87 77 71 69 72 79 90 106 126 138 148 156 160 163 162 159 154 146 135 133 131 130 128 126 124 122 121 119
135 135 136 136 137 137 137 136 136 135 135 134 133 132 132 131 132 132 133 134 135 145 153 159 162 163 162 159 153 145 135 125 117 112 108 107 108 112 117 125 135 156 172 183 190 192 190 183 172 156 135 113 96 84 77 75 77 84 96 113 135 156 173 184 191 194 191 184 173 156 135 114 97 85 78 76 78 85 97 114 135 149 160 167 172 174 172 167 160 149 135 132 130 128 125 123 120 118 116 113
152 151 151 150 149 148 146 145 143 140 138 135 132 130 128 127 126 126 127 128 129 141 149 155 159 161 160 156 151 143 132 122 114 108 104 103 103 106 111 118 128 147 163 174 181 183 181 175 165 150 131 110 93 81 74 71 73 80 92 108 129 150 167 179 186 189 188 181 170 154 134 116 102 92 86 85 88 95 107 123 143 151 157 161 162 161 157 152 143 133 120 119 118 117 116 115 114 113 113 112
165 164 163 161 159 157 154 151 148 144 141 135 131 127 124 122 121 121 121 123 125 137 146 153 157 159 158 155 149 141 130 119 111 105 101 99 100 102 107 114 122 141 156 166 173 175 174 169 159 146 129 108 91 79 72 69 71 77 88 104 124 145 162 175 182 186 184 178 168 153 133 118 106 98 94 94 97 104 116 130 149 152 154 154 152 149 144 137 129 119 108 109 109 110 110 111 112 112 113 113
174 173 171 169 166 163 160 156 152 147 142 135 129 124 121 118 116 116 117 119 122 135 144 152 156 158 157 154 148 139 128 118 110 103 99 97 97 99 104 110 118 136 150 160 166 169 168 163 155 143 127 106 90 78 71 68 70 75 86 101 120 142 159 171 179 183 182 176 166 152 133 120 110 104 101 101 105 112 123 137 154 152 150 147 143 138 132 125 117 109 100 102 104 106 108 110 112 114 116 119
180 178 177 174 171 168 164 160 155 149 144 135 127 121 117 114 112 112 114 116 120 133 144 151 156 158 157 154 148 139 127 117 109 102 98 96 96 98 102 108 116 132 145 154 160 163 162 158 151 140 126 106 90 78 71 68 69 75 85 99 118 139 156 169 177 181 180 175 165 151 132 122 114 109 107 108 112 119 129 141 156 151 145 139 133 127 121 115 108 101 95 98 102 105 109 113 116 120 123 127
182 180 179 176 174 170 166 161 156 150 144 134 125 118 113 110 109 109 111 114 120 133 144 152 157 159 158 155 148 139 127 117 108 102 98 96 96 98 102 107 115 130 142 151 156 159 158 155 148 138 125 106 90 79 72 69 70 76 85 99 117 139 155 168 176 180 179 174 164 150 132 124 118 114 113 115 118 124 133 144 157 148 139 132 124 117 111 106 101 97 93 98 103 108 113 118 124 129 134 139
180 179 178 176 173 170 166 162 156 150 144 132 123 115 110 107 105 106 109 114 120 134 145 154 159 161 160 156 150 140 127 117 109 103 99 97 97 99 102 108 116 130 140 148 153 155 155 152 146 137 126 107 92 81 74 71 72 78 87 101 118 139 155 168 175 179 178 173 164 150 132 126 122 119 118 120 123 129 136 145 156 144 133 124 115 109 103 99 96 95 95 101 108 114 121 128 134 141 147 154
174 174 174 173 171 168 164 160 155 149 142 130 120 112 106 103 102 104 108 114 122 137 148 156 161 164 163 159 152 141 128 118 111 105 101 99 99 101 105 111 118 130 140 147 151 153 153 150 145 137 127 109 94 84 77 74 76 81 90 103 120 140 157 168 176 179 179 173 164 150 133 128 125 123 123 124 127 132 137 145 154 139 126 115 107 100 96 94 94 96 100 108 116 124 132 140 148 156 164 173
165 166 167 167 165 163 161 157 152 147 141 127 117 108 103 100 100 102 107 115 125 140 152 160 165 167 166 162 154 144 130 120 113 108 104 102 102 105 109 115 122 133 141 147 151 152 152 149 145 138 129 111 97 87 81 79 80 85 94 107 124 143 159 170 178 181 179 174 165 151 133 130 128 127 127 128 130 134 138 143 149 132 118 107 99 93 90 91 94 99 108 118 127 137 146 156 166 175 185 195
152 155 157 158 158 157 155 152 148 144 138 124 113 105 100 97 98 101 108 117 129 144 156 165 170 172 170 166 158 146 132 123 116 111 108 107 107 109 114 120 128 136 143 148 151 153 152 150 145 139 131 115 101 92 86 84 85 91 100 112 129 148 162 173 180 183 181 175 166 152 134 132 131 131 131 131 132 134 137 139 143 124 110 98 91 87 86 89 96 106 120 131 142 153 164 175 186 198 209 220
135 139 143 146 147 148 147 146 143 139 135 120 109 101 96 95 96 101 109 120 135 150 162 170 175 177 175 170 162 150 135 127 120 116 113 112 113 116 120 127 135 142 147 151 153 154 153 151 147 142 135 119 106 97 92 90 92 97 106 119 135 153 167 177 183 185 183 177 167 153 135 134 134 134 133 133 133 134 134 134 135 115 100 89 83 81 83 89 100 115 135 147 160 173 185 198 211 223 236 248
111 118 123 127 130 132 133 132 130 127 122 109 100 93 90 89 92 98 106 118 133 147 158 166 171 173 171 166 158 147 133 127 122 120 119 121 124 130 137 146 158 163 168 171 173 173 172 170 166 161 155 141 130 122 118 116 117 122 129 140 154 168 179 186 189 189 185 177 165 150 132 130 129 128 128 128 128 129 130 131 133 118 106 97 92 90 92 97 106 118 134 144 154 164 174 184 194 205 215 225
93 101 108 114 118 120 122 121 120 117 112 101 93 88 85 86 89 95 104 116 131 145 155 162 167 168 167 163 155 145 132 127 124 123 124 128 133 140 150 162 175 180 184 186 187 187 186 184 181 176 170 159 150 143 139 138 139 142 148 157 168 179 187 191 193 190 185 176 163 148 129 126 124 123 122 122 123 124 126 129 132 120 112 105 102 100 102 106 112 121 133 140 148 156 163 171 179 186 194 202
80 90 98 105 109 113 114 115 113 110 105 95 88 84 82 84 87 94 103 115 130 143 152 159 163 165 163 159 153 143 131 127 125 125 127 132 139 148 159 172 188 192 194 196 197 197 196 194 191 187 182 172 165 159 156 155 155 158 163 170 179 187 192 195 194 190 184 174 161 146 127 123 121 119 118 118 118 120 123 126 131 123 118 114 111 111 112 114 119 124 132 137 142 148 153 158 163 168 174 179
72 83 92 100 105 109 111 111 110 106 101 92 86 83 82 83 87 94 103 115 130 141 150 156 160 161 160 156 150 142 130 127 125 126 129 134 142 152 164 179 196 198 200 201 202 202 200 198 196 192 188 181 175 171 169 168 168 170 173 178 185 191 194 195 193 188 181 171 159 144 126 121 117 115 114 113 114 117 120 124 130 127 124 123 122 121 122 123 125 128 132 134 137 140 142 145 148 151 153 156
70 82 92 100 105 109 111 111 109 106 100 92 86 83 83 84 89 95 104 116 129 140 148 153 157 158 157 154 148 140 130 126 124 125 128 134 142 152 165 180 198 200 201 202 202 201 200 199 197 194 190 186 182 179 177 176 176 177 180 183 187 191 193 193 190 185 178 168 156 142 126 120 115 112 110 110 111 113 118 123 130 131 131 132 132 132 132 132 132 132 131 132 132 132 132 133 133 133 133 134
72 85 95 104 110 114 116 115 113 108 101 94 89 86 85 87 91 97 106 117 130 139 146 151 154 156 155 152 147 140 130 125 123 123 126 131 139 149 162 178 196 197 197 197 197 197 196 194 193 191 188 186 184 182 181 180 180 181 182 183 185 188 189 187 184 180 173 164 153 141 126 119 113 109 107 107 108 111 116 122 130 135 139 141 143 144 143 142 139 136 132 129 127 125 123 120 118 116 114 112
80 93 104 112 118 122 123 122 119 113 105 98 93 91 90 92 95 101 108 118 130 139 145 150 152 153 153 150 145 139 131 125 121 120 121 126 133 143 155 170 188 188 188 188 188 187 186 185 184 183 182 181 181 181 180 180 180 180 179 179 179 181 181 180 177 173 167 159 150 139 127 119 112 107 105 104 106 109 114 121 131 139 146 151 154 155 154 152 147 140 132 127 123 118 113 108 104 99 94 90
93 107 117 126 131 135 135 133 129 122 112 105 101 98 97 98 100 105 112 121 131 139 144 148 151 152 151 148 145 139 132 124 118 115 115 118 124 133 144 158 175 175 174 174 173 173 172 172 171 171 170 173 174 175 176 176 175 174 173 171 168 170 170 169 167 164 159 154 147 138 129 119 112 106 103 102 104 107 113 121 132 144 154 161 166 167 166 162 155 145 133 125 118 111 104 97 90 82 75 68
111 125 135 143 148 151 151 148 142 133 122 115 110 107 105 105 107 111 116 124 133 139 144 147 149 150 149 147 144 139 133 122 114 109 107 108 112 119 129 142 158 156 155 155 154 154 154 154 154 154 155 159 163 165 167 167 166 165 162 158 154 155 156 156 155 153 151 147 143 138 132 120 112 106 102 101 102 106 113 122 133 150 163 172 177 179 178 172 163 150 134 124 114 105 95 85 76 66 56 47
135 148 158 165 170 171 170 165 158 148 135 127 122 118 115 114 115 118 122 127 135 140 144 147 149 149 149 147 144 140 135 121 110 102 98 96 98 102 110 121 135 133 132 131 130 130 130 131 132 133 135 142 147 151 153 154 153 151 147 142 135 137 139 140 141 141 141 140 139 137 135 122 113 106 101 100 101 106 113 122 135 155 171 183 190 192 190 183 171 155 135 123 111 98 86 74 62 50 38 26
135 145 153 159 162 163 162 158 152 144 133 130 128 127 127 127 129 132 136 140 146 146 146 145 143 141 137 133 128 122 116 105 97 92 90 90 94 100 109 121 136 135 134 133 133 133 133 133 134 135 136 141 145 148 149 150 149 147 144 139 134 137 140 141 143 143 143 142 141 138 136 124 115 108 105 104 106 110 117 127 139 159 175 187 195 198 197 192 183 169 151 140 129 118 107 96 84 73 62 51
135 143 149 153 155 156 155 152 147 140 132 133 134 135 137 139 142 145 148 151 155 151 147 143 138 133 127 121 115 108 101 93 87 84 84 86 91 98 108 121 136 136 136 136 136 136 136 136 136 136 137 140 143 144 145 145 145 143 140 137 133 137 140 143 145 145 145 144 142 140 136 125 117 111 108 107 109 114 121 130 143 162 178 190 198 202 202 198 191 179 164 154 144 134 123 113 103 93 83 73
135 140 144 147 148 149 147 145 142 137 130 135 140 144 147 150 153 156 158 159 161 154 147 140 133 126 119 112 105 97 90 84 81 79 80 84 90 98 109 121 137 137 138 138 138 138 138 138 138 138 137 139 140 141 141 141 140 139 137 135 133 137 141 144 146 147 147 146 144 141 137 126 118 113 110 110 112 116 123 133 145 164 179 191 199 203 204 202 196 186 173 164 155 146 137 128 118 109 100 91
135 137 139 141 141 141 141 139 137 134 130 138 145 151 156 160 163 165 166 166 164 155 146 137 129 121 113 105 98 91 84 79 77 78 80 84 90 99 109 122 137 138 139 140 141 141 141 140 140 139 138 138 138 138 137 137 136 135 134 133 132 138 143 146 148 149 149 148 145 142 137 127 120 115 112 112 114 118 125 135 147 164 179 190 198 202 204 202 198 190 178 170 162 154 146 138 130 122 114 106
135 135 135 135 135 134 134 133 132 131 130 141 151 158 165 169 172 173 172 170 166 155 144 134 125 116 108 100 93 87 82 79 78 79 81 86 92 101 111 123 137 139 141 142 143 143 143 142 141 140 138 136 135 134 133 132 132 132 132 132 132 139 144 148 150 151 151 150 147 143 137 128 120 116 113 113 115 120 127 136 147 163 177 187 195 199 201 200 196 190 180 173 166 159 152 145 138 131 124 117
135 132 131 129 128 128 127 127 128 129 130 144 156 165 172 177 179 179 177 172 164 152 141 130 120 112 104 98 92 87 84 82 81 83 86 90 96 104 113 124 137 140 142 144 145 145 145 144 143 140 138 135 132 130 129 128 128 128 129 130 132 140 145 150 152 154 153 151 148 143 137 128 121 116 114 114 116 120 127 136 147 161 173 183 189 194 196 195 192 187 178 172 166 160 154 148 142 136 130 124
135 130 126 124 122 121 121 122 124 127 130 147 161 172 179 184 185 184 179 171 161 148 136 126 117 109 102 97 94 91 90 89 88 90 92 96 101 108 116 126 137 140 143 145 146 147 147 145 144 141 137 133 129 126 125 124 124 124 126 129 133 141 147 152 154 156 155 153 149 144 137 128 121 117 114 114 116 120 126 135 145 158 168 176 182 186 188 187 185 180 173 168 163 158 153 148 143 138 133 128
135 128 122 118 116 115 115 117 120 125 132 151 166 177 185 189 190 187 180 169 155 142 130 121 113 107 102 99 98 99 101 99 99 99 101 104 108 114 120 128 136 141 144 146 148 148 148 147 144 141 137 131 126 122 120 119 119 121 124 128 133 142 149 154 157 158 157 155 150 144 136 128 121 117 114 114 116 119 125 133 143 153 162 168 173 176 177 177 174 170 164 160 156 152 148 144 140 136 132 128
135 126 118 113 110 109 110 112 117 124 133 154 171 183 191 194 193 188 178 164 146 134 124 115 109 105 103 103 105 110 116 114 113 112 113 114 117 120 124 130 136 141 145 147 149 150 149 148 145 141 136 128 123 118 116 115 115 118 121 127 134 143 150 156 159 160 159 156 151 145 136 127 121 116 114 113 114 118 123 130 139 147 153 158 162 164 164 163 161 157 151 148 145 142 139 136 133 130 127 124
135 123 114 108 104 103 104 108 114 123 135 157 175 188 195 198 195 188 175 157 135 124 116 110 106 105 106 110 116 124 135 132 130 128 127 127 127 128 130 132 135 141 145 148 150 151 150 148 145 141 135 126 119 114 111 110 111 114 119 126 135 145 152 158 161 162 161 158 152 145 135 126 120 115 112 111 112 115 120 126 135 140 144 147 148 149 148 147 144 140 135 133 131 129 127 125 123 121 119 117
148 136 126 119 114 112 113 116 121 130 140 162 179 192 199 201 197 189 176 158 135 125 118 114 111 112 114 119 126 136 148 142 138 133 130 127 124 123 122 121 122 128 132 136 138 138 138 136 133 128 122 114 107 102 99 98 99 102 107 114 123 135 145 153 159 162 163 163 159 154 147 136 127 120 114 111 110 110 112 116 122 127 131 134 136 136 135 134 131 127 122 120 118 116 114 112 110 108 106 104
161 148 138 130 124 121 121 123 128 136 146 167 184 195 202 203 200 191 177 159 135 127 121 118 117 118 122 128 137 148 161 153 145 139 132 127 122 118 114 111 109 115 119 123 125 126 125 123 120 116 110 101 94 90 87 86 87 90 95 102 111 125 138 148 156 162 166 167 167 164 159 145 134 124 117 111 107 105 104 106 109 114 118 121 123 123 123 121 118 114 109 107 105 103 101 99 97 95 93 91
174 160 149 141 134 131 130 131 135 142 151 172 188 199 205 206 202 193 178 159 135 128 124 122 122 125 130 137 147 160 174 163 153 144 135 127 119 112 106 101 96 102 106 110 112 113 112 111 108 103 98 89 82 77 74 74 75 78 83 90 99 116 131 143 154 162 168 172 174 173 171 155 141 129 119 110 104 99 97 96 97 102 106 108 110 110 110 108 105 101 96 94 92 90 88 86 84 82 80 78
187 173 161 151 144 140 138 139 142 148 156 177 192 203 208 209 204 194 179 160 135 129 126 125 127 131 138 146 158 171 187 174 161 149 138 127 117 107 98 90 83 89 94 97 99 100 100 98 95 91 85 77 70 65 62 61 62 66 71 78 87 106 123 138 151 162 170 177 181 183 182 164 148 133 121 110 101 94 89 86 84 89 93 96 97 98 97 95 92 88 83 81 79 77 75 73 71 69 67 65
201 185 172 162 154 149 147 147 149 154 162 182 197 207 212 211 206 196 180 160 135 131 129 129 132 138 146 156 168 183 200 184 169 154 140 127 114 102 91 80 70 76 81 84 86 87 87 85 83 78 73 64 57 53 50 49 50 53 58 65 74 96 116 133 149 162 173 181 188 192 194 174 155 138 123 110 98 89 81 75 71 76 80 83 84 85 84 82 79 75 70 68 66 64 62 60 58 56 54 52
214 198 184 173 165 159 155 154 156 160 167 187 201 210 215 214 208 197 182 161 135 132 131 133 138 144 153 165 179 195 214 195 177 160 143 127 112 97 83 69 57 63 68 71 74 75 74 73 70 66 60 52 45 40 38 37 38 41 46 53 62 87 109 129 146 162 175 186 195 202 206 183 162 142 125 109 95 83 73 65 59 64 67 70 71 72 71 69 66 62 57 55 53 51 49 47 45 43 41 39
227 210 196 184 175 168 164 162 163 167 173 192 205 214 218 217 210 199 183 161 135 133 134 137 143 151 161 174 189 207 227 205 185 165 146 127 109 92 75 59 44 50 55 58 61 62 62 60 57 53 48 39 33 28 25 25 26 29 34 41 50 77 101 124 144 162 177 191 202 211 218 193 169 147 127 109 93 78 66 55 46 51 55 57 59 59 58 56 53 49 44 42 40 38 36 34 32 30 28 26
240 222 207 195 185 177 172 170 170 173 178 196 210 218 221 219 213 201 184 162 135 134 137 141 148 157 169 183 200 219 240 216 193 170 148 127 106 87 67 49 30 37 42 46 48 49 49 48 45 41 36 27 20 16 13 12 14 17 22 29 38 67 94 119 141 162 180 196 209 221 230 202 176 151 129 108 90 73 58 45 33 38 42 44 46 46 45 43 40 36 31 29 27 25 23 21 19 17 15 13
253 235 219 206 195 186 181 178 177 179 184 201 214 222 224 222 215 202 185 162 135 136 139 145 153 164 177 192 210 230 253 226 201 176 151 127 104 81 59 38 17 24 29 33 35 37 36 35 32 28 23 15 8 4 1 0 1 5 10 17 26 58 87 114 139 162 182 200 216 230 242 211 183 156 131 108 87 68 50 34 21 26 29 32 33 33 32 30 27 23 18 16 14 12 10 8 6 4 2 0